#Layer_Color=16711935
#
#Feature symbol names
#
$0 r3.937

#
#Feature attribute names
#

#
#Layer features
#
A 3.777933 2.6558859 3.777933 2.6558859 3.770059 2.6558859 0 P 0 N
A 3.8383858 3.0609449 3.8383858 3.0609449 3.8265748 3.0609449 0 P 0 N
L 3.2620866 3.0624409 3.2620866 3.1805511 0 P 0
L 3.2620866 3.0624409 3.3172047 3.0624409 0 P 0
L 3.2620866 3.1805511 3.3172047 3.1805511 0 P 0
L 3.2631497 2.9040945 3.2631497 3.0222047 0 P 0
L 3.2631497 2.9040945 3.3182678 2.9040945 0 P 0
L 3.2631497 3.0222047 3.3182678 3.0222047 0 P 0
L 3.3172047 3.0624409 3.3172047 3.1805511 0 P 0
L 3.3182678 2.9040945 3.3182678 3.0222047 0 P 0
L 3.3582283 2.7961023 3.3582283 2.8177558 0 P 0
L 3.3582283 2.7961023 3.3995669 2.7961023 0 P 0
L 3.3582283 2.8177558 3.3995669 2.8177558 0 P 0
L 3.3831889 3.0809842 3.3831889 3.1223228 0 P 0
L 3.3831889 3.0809842 3.4048424 3.0809842 0 P 0
L 3.3831889 3.1223228 3.4048424 3.1223228 0 P 0
L 3.383189 2.9601181 3.383189 3.0014567 0 P 0
L 3.383189 2.9601181 3.4048425 2.9601181 0 P 0
L 3.383189 3.0014567 3.4048425 3.0014567 0 P 0
L 3.3995669 2.7961023 3.3995669 2.8177558 0 P 0
L 3.4048424 3.0809842 3.4048424 3.1223228 0 P 0
L 3.4048425 2.9601181 3.4048425 3.0014567 0 P 0
L 3.4916535 2.9311811 3.4916535 2.9548031 0 P 0
L 3.4916535 2.9311811 3.5349606 2.9311811 0 P 0
L 3.4916535 2.9548031 3.5349606 2.9548031 0 P 0
L 3.4917716 2.8893307 3.4917716 2.9109842 0 P 0
L 3.4917716 2.8893307 3.5331102 2.8893307 0 P 0
L 3.4917716 2.9109842 3.5331102 2.9109842 0 P 0
L 3.4918504 2.8212992 3.4918504 2.8429527 0 P 0
L 3.4918504 2.8212992 3.533189 2.8212992 0 P 0
L 3.4918504 2.8429527 3.533189 2.8429527 0 P 0
L 3.4924409 2.7774803 3.4924409 2.8011023 0 P 0
L 3.4924409 2.7774803 3.535748 2.7774803 0 P 0
L 3.4924409 2.8011023 3.535748 2.8011023 0 P 0
L 3.5331102 2.8893307 3.5331102 2.9109842 0 P 0
L 3.533189 2.8212992 3.533189 2.8429527 0 P 0
L 3.5349606 2.9311811 3.5349606 2.9548031 0 P 0
L 3.535748 2.7774803 3.535748 2.8011023 0 P 0
L 3.5646064 3.1188583 3.5646064 3.1601969 0 P 0
L 3.5646064 3.1188583 3.5862599 3.1188583 0 P 0
L 3.5646064 3.1601969 3.5862599 3.1601969 0 P 0
L 3.5688976 3.2738583 3.5688976 3.2974803 0 P 0
L 3.5688976 3.2738583 3.6122047 3.2738583 0 P 0
L 3.5688976 3.2974803 3.6122047 3.2974803 0 P 0
L 3.5724372 3.3529528 3.5724372 3.3746063 0 P 0
L 3.5724372 3.3529528 3.6137758 3.3529528 0 P 0
L 3.5724372 3.3746063 3.6137758 3.3746063 0 P 0
L 3.5862599 3.1188583 3.5862599 3.1601969 0 P 0
L 3.5999963 3.3608267 3.5999963 3.4021653 0 P 0
L 3.5999963 3.3608267 3.6216498 3.3608267 0 P 0
L 3.5999963 3.4021653 3.6216498 3.4021653 0 P 0
L 3.6012402 3.3151576 3.6012402 3.3368111 0 P 0
L 3.6012402 3.3151576 3.6425788 3.3151576 0 P 0
L 3.6012402 3.3368111 3.6425788 3.3368111 0 P 0
L 3.6023883 3.415945 3.6023883 3.4375985 0 P 0
L 3.6023883 3.415945 3.6437269 3.415945 0 P 0
L 3.6023883 3.4375985 3.6437269 3.4375985 0 P 0
L 3.6044293 2.4662994 3.6044293 2.4899214 0 P 0
L 3.6044293 2.4662994 3.6477364 2.4662994 0 P 0
L 3.6044293 2.4899214 3.6477364 2.4899214 0 P 0
L 3.6051576 2.5101182 3.6051576 2.5317717 0 P 0
L 3.6051576 2.5101182 3.6464962 2.5101182 0 P 0
L 3.6051576 2.5317717 3.6464962 2.5317717 0 P 0
L 3.6083466 3.1188583 3.6083466 3.1601969 0 P 0
L 3.6083466 3.1188583 3.6300001 3.1188583 0 P 0
L 3.6083466 3.1601969 3.6300001 3.1601969 0 P 0
L 3.6122047 3.2738583 3.6122047 3.2974803 0 P 0
L 3.6137758 3.3529528 3.6137758 3.3746063 0 P 0
L 3.6216498 3.3608267 3.6216498 3.4021653 0 P 0
L 3.6240945 2.7248032 3.6240945 2.7681103 0 P 0
L 3.6240945 2.7248032 3.6477165 2.7248032 0 P 0
L 3.6240945 2.7681103 3.6477165 2.7681103 0 P 0
L 3.6250787 2.7229528 3.6250787 2.7642914 0 P 0
L 3.6250787 2.7229528 3.6467322 2.7229528 0 P 0
L 3.6250787 2.7642914 3.6467322 2.7642914 0 P 0
L 3.6250788 2.6353936 3.6250788 2.6767322 0 P 0
L 3.6250788 2.6353936 3.6467323 2.6353936 0 P 0
L 3.6250788 2.6767322 3.6467323 2.6767322 0 P 0
L 3.6250788 2.8111417 3.6250788 2.8524803 0 P 0
L 3.6250788 2.8111417 3.6467323 2.8111417 0 P 0
L 3.6250788 2.8524803 3.6467323 2.8524803 0 P 0
L 3.6300001 3.1188583 3.6300001 3.1601969 0 P 0
L 3.6318897 2.9135433 3.6318897 2.9371653 0 P 0
L 3.6318897 2.9135433 3.6751968 2.9135433 0 P 0
L 3.6318897 2.9371653 3.6751968 2.9371653 0 P 0
L 3.6329528 2.9573622 3.6329528 2.9790157 0 P 0
L 3.6329528 2.9573622 3.6742914 2.9573622 0 P 0
L 3.6329528 2.9790157 3.6742914 2.9790157 0 P 0
L 3.6337541 3.0348771 3.6337541 3.0565306 0 P 0
L 3.6337541 3.0348771 3.6750927 3.0348771 0 P 0
L 3.6337541 3.0565306 3.6750927 3.0565306 0 P 0
L 3.6425788 3.3151576 3.6425788 3.3368111 0 P 0
L 3.6437269 3.415945 3.6437269 3.4375985 0 P 0
L 3.6451574 3.2370472 3.6451574 3.2587007 0 P 0
L 3.6451574 3.2370472 3.686496 3.2370472 0 P 0
L 3.6451574 3.2587007 3.686496 3.2587007 0 P 0
L 3.6464962 2.5101182 3.6464962 2.5317717 0 P 0
L 3.6467322 2.7229528 3.6467322 2.7642914 0 P 0
L 3.6467323 2.6353936 3.6467323 2.6767322 0 P 0
L 3.6467323 2.8111417 3.6467323 2.8524803 0 P 0
L 3.6477165 2.7248032 3.6477165 2.7681103 0 P 0
L 3.6477364 2.4662994 3.6477364 2.4899214 0 P 0
L 3.6742914 2.9573622 3.6742914 2.9790157 0 P 0
L 3.6750927 3.0348771 3.6750927 3.0565306 0 P 0
L 3.6751968 2.9135433 3.6751968 2.9371653 0 P 0
L 3.6782283 2.566811 3.6782283 2.5884645 0 P 0
L 3.6782283 2.566811 3.7195669 2.566811 0 P 0
L 3.6782283 2.5884645 3.7195669 2.5884645 0 P 0
L 3.686496 3.2370472 3.686496 3.2587007 0 P 0
L 3.6905906 3.0435826 3.6905906 3.0849212 0 P 0
L 3.6905906 3.0435826 3.7122441 3.0435826 0 P 0
L 3.6905906 3.0849212 3.7122441 3.0849212 0 P 0
L 3.7122441 3.0435826 3.7122441 3.0849212 0 P 0
L 3.7195669 2.566811 3.7195669 2.5884645 0 P 0
L 3.727153 3.2675413 3.738964 3.247084 0 P 0
L 3.727153 3.2675413 3.7646581 3.2891948 0 P 0
L 3.7375787 2.6302953 3.7375787 2.8724213 0 P 0
L 3.7375787 2.6302953 3.9797047 2.6302953 0 P 0
L 3.7375787 2.8724213 3.9797047 2.8724213 0 P 0
L 3.738964 3.247084 3.7764691 3.2687376 0 P 0
L 3.7560236 2.9246063 3.7560236 2.9462598 0 P 0
L 3.7560236 2.9246063 3.7973622 2.9246063 0 P 0
L 3.7560236 2.9462598 3.7973622 2.9462598 0 P 0
L 3.7566536 2.9674409 3.7566536 2.9890944 0 P 0
L 3.7566536 2.9674409 3.7979922 2.9674409 0 P 0
L 3.7566536 2.9890944 3.7979922 2.9890944 0 P 0
L 3.7646581 3.2891948 3.7764691 3.2687376 0 P 0
L 3.7832677 3.0383071 3.7832677 3.2016929 0 P 0
L 3.7832677 3.0383071 3.9466535 3.0383071 0 P 0
L 3.7832677 3.2016929 3.9466535 3.2016929 0 P 0
L 3.7973622 2.9246063 3.7973622 2.9462598 0 P 0
L 3.7979922 2.9674409 3.7979922 2.9890944 0 P 0
L 3.8034253 3.2876772 3.8034253 3.3290158 0 P 0
L 3.8034253 3.2876772 3.8250788 3.2876772 0 P 0
L 3.8034253 3.3290158 3.8250788 3.3290158 0 P 0
L 3.8250788 3.2876772 3.8250788 3.3290158 0 P 0
L 3.8408269 3.2514174 3.8408269 3.2947245 0 P 0
L 3.8408269 3.2514174 3.8644489 3.2514174 0 P 0
L 3.8408269 3.2947245 3.8644489 3.2947245 0 P 0
L 3.8644489 3.2514174 3.8644489 3.2947245 0 P 0
L 3.905 2.5416142 3.905 2.5632677 0 P 0
L 3.905 2.5416142 3.9463386 2.5416142 0 P 0
L 3.905 2.5632677 3.9463386 2.5632677 0 P 0
L 3.9193699 3.2522639 3.9193699 3.2739174 0 P 0
L 3.9193699 3.2522639 3.9607085 3.2522639 0 P 0
L 3.9193699 3.2739174 3.9607085 3.2739174 0 P 0
L 3.9427953 2.9422442 3.9427953 2.9638977 0 P 0
L 3.9427953 2.9422442 3.9841339 2.9422442 0 P 0
L 3.9427953 2.9638977 3.9841339 2.9638977 0 P 0
L 3.9463386 2.5416142 3.9463386 2.5632677 0 P 0
L 3.9466535 3.0383071 3.9466535 3.2016929 0 P 0
L 3.9607085 3.2522639 3.9607085 3.2739174 0 P 0
L 3.9797047 2.6302953 3.9797047 2.8724213 0 P 0
L 3.9841339 2.9422442 3.9841339 2.9638977 0 P 0
L 3.9846456 2.5406299 3.9846456 2.5642519 0 P 0
L 3.9846456 2.5406299 4.0279527 2.5406299 0 P 0
L 3.9846456 2.5642519 4.0279527 2.5642519 0 P 0
L 4.0279527 2.5406299 4.0279527 2.5642519 0 P 0
L 4.0327525 3.2650878 4.0327525 3.3064264 0 P 0
L 4.0327525 3.2650878 4.054406 3.2650878 0 P 0
L 4.0327525 3.3064264 4.054406 3.3064264 0 P 0
L 4.0511417 3.0934252 4.0511417 3.1150787 0 P 0
L 4.0511417 3.0934252 4.0924803 3.0934252 0 P 0
L 4.0511417 3.1150787 4.0924803 3.1150787 0 P 0
L 4.0511417 3.1337402 4.0511417 3.1553937 0 P 0
L 4.0511417 3.1337402 4.0924803 3.1337402 0 P 0
L 4.0511417 3.1553937 4.0924803 3.1553937 0 P 0
L 4.054406 3.2650878 4.054406 3.3064264 0 P 0
L 4.0587008 3.0430316 4.0587008 3.0646851 0 P 0
L 4.0587008 3.0430316 4.1000394 3.0430316 0 P 0
L 4.0587008 3.0646851 4.1000394 3.0646851 0 P 0
L 4.0609842 2.8391732 4.0609842 2.8805118 0 P 0
L 4.0609842 2.8391732 4.0826377 2.8391732 0 P 0
L 4.0609842 2.8805118 4.0826377 2.8805118 0 P 0
L 4.0609843 2.632559 4.0609843 2.6738976 0 P 0
L 4.0609843 2.632559 4.0826378 2.632559 0 P 0
L 4.0609843 2.6738976 4.0826378 2.6738976 0 P 0
L 4.0609843 2.7613779 4.0609843 2.8027165 0 P 0
L 4.0609843 2.7613779 4.0826378 2.7613779 0 P 0
L 4.0609843 2.8027165 4.0826378 2.8027165 0 P 0
L 4.073973 3.2641035 4.073973 3.3074106 0 P 0
L 4.073973 3.2641035 4.097595 3.2641035 0 P 0
L 4.073973 3.3074106 4.097595 3.3074106 0 P 0
L 4.0826377 2.8391732 4.0826377 2.8805118 0 P 0
L 4.0826378 2.632559 4.0826378 2.6738976 0 P 0
L 4.0826378 2.7613779 4.0826378 2.8027165 0 P 0
L 4.0914569 2.4471263 4.0914569 2.4687798 0 P 0
L 4.0914569 2.4471263 4.1327955 2.4471263 0 P 0
L 4.0914569 2.4687798 4.1327955 2.4687798 0 P 0
L 4.0915356 2.4849215 4.0915356 2.506575 0 P 0
L 4.0915356 2.4849215 4.1328742 2.4849215 0 P 0
L 4.0915356 2.506575 4.1328742 2.506575 0 P 0
L 4.0924803 3.0934252 4.0924803 3.1150787 0 P 0
L 4.0924803 3.1337402 4.0924803 3.1553937 0 P 0
L 4.097595 3.2641035 4.097595 3.3074106 0 P 0
L 4.1000394 3.0430316 4.1000394 3.0646851 0 P 0
L 4.1327955 2.4471263 4.1327955 2.4687798 0 P 0
L 4.1328742 2.4849215 4.1328742 2.506575 0 P 0
L 4.1387008 2.952559 4.1387008 2.9938976 0 P 0
L 4.1387008 2.952559 4.1603543 2.952559 0 P 0
L 4.1387008 2.9938976 4.1603543 2.9938976 0 P 0
L 4.1534646 2.6514961 4.1534646 2.6751181 0 P 0
L 4.1534646 2.6514961 4.1967717 2.6514961 0 P 0
L 4.1534646 2.6751181 4.1967717 2.6751181 0 P 0
L 4.1534646 2.6943307 4.1534646 2.7179527 0 P 0
L 4.1534646 2.6943307 4.1967717 2.6943307 0 P 0
L 4.1534646 2.7179527 4.1967717 2.7179527 0 P 0
L 4.1534646 2.7371654 4.1534646 2.7607874 0 P 0
L 4.1534646 2.7371654 4.1967717 2.7371654 0 P 0
L 4.1534646 2.7607874 4.1967717 2.7607874 0 P 0
L 4.1534646 2.78 4.1534646 2.803622 0 P 0
L 4.1534646 2.78 4.1967717 2.78 0 P 0
L 4.1534646 2.803622 4.1967717 2.803622 0 P 0
L 4.1534646 2.8228347 4.1534646 2.8464567 0 P 0
L 4.1534646 2.8228347 4.1967717 2.8228347 0 P 0
L 4.1534646 2.8464567 4.1967717 2.8464567 0 P 0
L 4.1603543 2.952559 4.1603543 2.9938976 0 P 0
L 4.1617716 2.4961812 4.1617716 2.5375198 0 P 0
L 4.1617716 2.4961812 4.1834251 2.4961812 0 P 0
L 4.1617716 2.5375198 4.1834251 2.5375198 0 P 0
L 4.1617717 2.4161811 4.1617717 2.4575197 0 P 0
L 4.1617717 2.4161811 4.1834252 2.4161811 0 P 0
L 4.1617717 2.4575197 4.1834252 2.4575197 0 P 0
L 4.1834251 2.4961812 4.1834251 2.5375198 0 P 0
L 4.1834252 2.4161811 4.1834252 2.4575197 0 P 0
L 4.1967717 2.6514961 4.1967717 2.6751181 0 P 0
L 4.1967717 2.6943307 4.1967717 2.7179527 0 P 0
L 4.1967717 2.7371654 4.1967717 2.7607874 0 P 0
L 4.1967717 2.78 4.1967717 2.803622 0 P 0
L 4.1967717 2.8228347 4.1967717 2.8464567 0 P 0
L 4.2298031 2.4184645 4.2298031 2.4598031 0 P 0
L 4.2298031 2.4184645 4.2514566 2.4184645 0 P 0
L 4.2298031 2.4598031 4.2514566 2.4598031 0 P 0
L 4.2298032 2.4914567 4.2298032 2.5327953 0 P 0
L 4.2298032 2.4914567 4.2514567 2.4914567 0 P 0
L 4.2298032 2.5327953 4.2514567 2.5327953 0 P 0
L 4.2376772 2.4458661 4.2376772 2.4675196 0 P 0
L 4.2376772 2.4458661 4.2790158 2.4458661 0 P 0
L 4.2376772 2.4675196 4.2790158 2.4675196 0 P 0
L 4.2376772 2.4836614 4.2376772 2.5053149 0 P 0
L 4.2376772 2.4836614 4.2790158 2.4836614 0 P 0
L 4.2376772 2.5053149 4.2790158 2.5053149 0 P 0
L 4.2514566 2.4184645 4.2514566 2.4598031 0 P 0
L 4.2514567 2.4914567 4.2514567 2.5327953 0 P 0
L 4.2790158 2.4458661 4.2790158 2.4675196 0 P 0
L 4.2790158 2.4836614 4.2790158 2.5053149 0 P 0
L 4.3031102 2.5775198 4.3031102 2.5991733 0 P 0
L 4.3031102 2.5775198 4.3444488 2.5775198 0 P 0
L 4.3031102 2.5991733 4.3444488 2.5991733 0 P 0
L 4.3031102 2.6178347 4.3031102 2.6394882 0 P 0
L 4.3031102 2.6178347 4.3444488 2.6178347 0 P 0
L 4.3031102 2.6394882 4.3444488 2.6394882 0 P 0
L 4.3031102 2.6581497 4.3031102 2.6798032 0 P 0
L 4.3031102 2.6581497 4.3444488 2.6581497 0 P 0
L 4.3031102 2.6798032 4.3444488 2.6798032 0 P 0
L 4.3444488 2.5775198 4.3444488 2.5991733 0 P 0
L 4.3444488 2.6178347 4.3444488 2.6394882 0 P 0
L 4.3444488 2.6581497 4.3444488 2.6798032 0 P 0
