#Layer_Color=32768
#
#Feature symbol names
#
$0 r1.9685
$1 r3.937

#
#Feature attribute names
#

#
#Layer features
#
L 3.212874 3.0525984 3.212874 3.1903937 1 P 0
L 3.212874 3.0525984 3.3664173 3.0525984 1 P 0
L 3.212874 3.1903937 3.3664173 3.1903937 1 P 0
L 3.2139371 2.894252 3.2139371 3.0320473 1 P 0
L 3.2139371 2.894252 3.3674804 2.894252 1 P 0
L 3.2139371 3.0320473 3.3674804 3.0320473 1 P 0
L 3.2699606 3.121496 3.3093307 3.121496 1 P 0
L 3.2710237 2.9631496 3.3103938 2.9631496 1 P 0
L 3.2896456 3.101811 3.2896456 3.1411811 1 P 0
L 3.2907087 2.9434646 3.2907087 2.9828347 1 P 0
L 3.3414961 2.787244 3.3414961 2.8266141 0 P 0
L 3.3414961 2.787244 3.4162992 2.787244 0 P 0
L 3.3414961 2.8266141 3.4162992 2.8266141 0 P 0
L 3.3664173 3.0525984 3.3664173 3.1903937 1 P 0
L 3.3674804 2.894252 3.3674804 3.0320473 1 P 0
L 3.3680709 2.8069291 3.3897244 2.8069291 1 P 0
L 3.3762991 3.0662205 3.3762991 3.1370866 0 P 0
L 3.3762991 3.0662205 3.4117322 3.0662205 0 P 0
L 3.3762991 3.1370866 3.4117322 3.1370866 0 P 0
L 3.3762992 2.9453543 3.3762992 3.0162204 0 P 0
L 3.3762992 2.9453543 3.4117323 2.9453543 0 P 0
L 3.3762992 3.0162204 3.4117323 3.0162204 0 P 0
L 3.3788976 2.7961023 3.3788976 2.8177558 1 P 0
L 3.3831889 3.1016535 3.4048424 3.1016535 1 P 0
L 3.383189 2.9807874 3.4048425 2.9807874 1 P 0
L 3.3940157 2.9699606 3.3940157 2.9916141 1 P 0
L 3.3940157 3.0908268 3.3940157 3.1124803 1 P 0
L 3.4117322 3.0662205 3.4117322 3.1370866 0 P 0
L 3.4117323 2.9453543 3.4117323 3.0162204 0 P 0
L 3.4162992 2.787244 3.4162992 2.8266141 0 P 0
L 3.4750394 2.8804724 3.4750394 2.9198425 0 P 0
L 3.4750394 2.8804724 3.5498425 2.8804724 0 P 0
L 3.4750394 2.9198425 3.5498425 2.9198425 0 P 0
L 3.4759055 2.923307 3.4759055 2.9626771 0 P 0
L 3.4759055 2.923307 3.5507086 2.923307 0 P 0
L 3.4759055 2.9626771 3.5507086 2.9626771 0 P 0
L 3.4766929 2.7696063 3.4766929 2.8089764 0 P 0
L 3.4766929 2.7696063 3.551496 2.7696063 0 P 0
L 3.4766929 2.8089764 3.551496 2.8089764 0 P 0
L 3.4770866 2.8144094 3.4770866 2.8498425 0 P 0
L 3.4770866 2.8144094 3.5479527 2.8144094 0 P 0
L 3.4770866 2.8498425 3.5479527 2.8498425 0 P 0
L 3.501496 2.9429921 3.5251181 2.9429921 1 P 0
L 3.5016142 2.9001575 3.5232677 2.9001575 1 P 0
L 3.5016929 2.832126 3.5233464 2.832126 1 P 0
L 3.5022834 2.7892913 3.5259055 2.7892913 1 P 0
L 3.5124409 2.8893307 3.5124409 2.9109842 1 P 0
L 3.5125197 2.8212992 3.5125197 2.8429527 1 P 0
L 3.513307 2.9311811 3.513307 2.9548031 1 P 0
L 3.5140945 2.7774803 3.5140945 2.8011023 1 P 0
L 3.5476378 3.2659843 3.5476378 3.3053544 0 P 0
L 3.5476378 3.2659843 3.6224409 3.2659843 0 P 0
L 3.5476378 3.3053544 3.6224409 3.3053544 0 P 0
L 3.5479527 2.8144094 3.5479527 2.8498425 0 P 0
L 3.5498425 2.8804724 3.5498425 2.9198425 0 P 0
L 3.5507086 2.923307 3.5507086 2.9626771 0 P 0
L 3.551496 2.7696063 3.551496 2.8089764 0 P 0
L 3.5557481 3.1021261 3.5557481 3.1769292 0 P 0
L 3.5557481 3.1021261 3.5951182 3.1021261 0 P 0
L 3.5557481 3.1769292 3.5951182 3.1769292 0 P 0
L 3.5576735 3.346063 3.5576735 3.3814961 0 P 0
L 3.5576735 3.346063 3.6285396 3.346063 0 P 0
L 3.5576735 3.3814961 3.6285396 3.3814961 0 P 0
L 3.5646064 3.1395276 3.5862599 3.1395276 1 P 0
L 3.5732283 3.2856693 3.5968504 3.2856693 1 P 0
L 3.5754331 3.1287009 3.5754331 3.1503544 1 P 0
L 3.5822798 3.3637795 3.6039333 3.3637795 1 P 0
L 3.5850394 3.2738583 3.5850394 3.2974803 1 P 0
L 3.5884254 2.5012599 3.5884254 2.54063 0 P 0
L 3.5884254 2.5012599 3.6632285 2.5012599 0 P 0
L 3.5884254 2.54063 3.6632285 2.54063 0 P 0
L 3.5886813 2.4584253 3.5886813 2.4977954 0 P 0
L 3.5886813 2.4584253 3.6634844 2.4584253 0 P 0
L 3.5886813 2.4977954 3.6634844 2.4977954 0 P 0
L 3.5931065 3.346063 3.5931065 3.4169291 0 P 0
L 3.5931065 3.346063 3.6285396 3.346063 0 P 0
L 3.5931065 3.3529528 3.5931065 3.3746063 1 P 0
L 3.5931065 3.4169291 3.6285396 3.4169291 0 P 0
L 3.5951182 3.1021261 3.5951182 3.1769292 0 P 0
L 3.5986811 3.3062993 3.5986811 3.3452756 0 P 0
L 3.5986811 3.3062993 3.6734842 3.3062993 0 P 0
L 3.5986811 3.3452756 3.6734842 3.3452756 0 P 0
L 3.5994883 3.1021261 3.5994883 3.1769292 0 P 0
L 3.5994883 3.1021261 3.6388584 3.1021261 0 P 0
L 3.5994883 3.1769292 3.6388584 3.1769292 0 P 0
L 3.5998292 3.4070867 3.5998292 3.446063 0 P 0
L 3.5998292 3.4070867 3.6746323 3.4070867 0 P 0
L 3.5998292 3.446063 3.6746323 3.446063 0 P 0
L 3.5999963 3.381496 3.6216498 3.381496 1 P 0
L 3.6083466 3.1395276 3.6300001 3.1395276 1 P 0
L 3.6108231 3.3706693 3.6108231 3.3923228 1 P 0
L 3.6142718 2.4781104 3.6378939 2.4781104 1 P 0
L 3.6150002 2.520945 3.6366537 2.520945 1 P 0
L 3.6161417 2.9056693 3.6161417 2.9450394 0 P 0
L 3.6161417 2.9056693 3.6909448 2.9056693 0 P 0
L 3.6161417 2.9450394 3.6909448 2.9450394 0 P 0
L 3.6162204 2.7062205 3.6162204 2.7810236 0 P 0
L 3.6162204 2.7062205 3.6555905 2.7062205 0 P 0
L 3.6162204 2.7090552 3.6162204 2.7838583 0 P 0
L 3.6162204 2.7090552 3.6555905 2.7090552 0 P 0
L 3.6162204 2.7810236 3.6555905 2.7810236 0 P 0
L 3.6162204 2.7838583 3.6555905 2.7838583 0 P 0
L 3.6162205 2.6186614 3.6162205 2.6934645 0 P 0
L 3.6162205 2.6186614 3.6555906 2.6186614 0 P 0
L 3.6162205 2.6934645 3.6555906 2.6934645 0 P 0
L 3.6162205 2.7944095 3.6162205 2.8692126 0 P 0
L 3.6162205 2.7944095 3.6555906 2.7944095 0 P 0
L 3.6162205 2.8692126 3.6555906 2.8692126 0 P 0
L 3.618189 2.9504724 3.618189 2.9859055 0 P 0
L 3.618189 2.9504724 3.6890551 2.9504724 0 P 0
L 3.618189 2.9859055 3.6890551 2.9859055 0 P 0
L 3.6189903 3.0279873 3.6189903 3.0634204 0 P 0
L 3.6189903 3.0279873 3.6898564 3.0279873 0 P 0
L 3.6189903 3.0634204 3.6898564 3.0634204 0 P 0
L 3.6191733 3.1287009 3.6191733 3.1503544 1 P 0
L 3.6224409 3.2659843 3.6224409 3.3053544 0 P 0
L 3.6240945 2.7464567 3.6477165 2.7464567 1 P 0
L 3.6250787 2.7436221 3.6467322 2.7436221 1 P 0
L 3.6250788 2.6560629 3.6467323 2.6560629 1 P 0
L 3.6250788 2.831811 3.6467323 2.831811 1 P 0
L 3.6252559 3.3259843 3.6469094 3.3259843 1 P 0
L 3.6258269 2.5101182 3.6258269 2.5317717 1 P 0
L 3.6260828 2.4662994 3.6260828 2.4899214 1 P 0
L 3.626404 3.4267717 3.6480575 3.4267717 1 P 0
L 3.6284252 3.2281889 3.6284252 3.267559 0 P 0
L 3.6284252 3.2281889 3.7032283 3.2281889 0 P 0
L 3.6284252 3.267559 3.7032283 3.267559 0 P 0
L 3.6285396 3.346063 3.6285396 3.3814961 0 P 0
L 3.6285396 3.346063 3.6285396 3.4169291 0 P 0
L 3.6359055 2.6452362 3.6359055 2.6668897 1 P 0
L 3.6359055 2.7327953 3.6359055 2.7544488 1 P 0
L 3.6359055 2.7346457 3.6359055 2.7582678 1 P 0
L 3.6359055 2.8209843 3.6359055 2.8426378 1 P 0
L 3.6360827 3.3151576 3.6360827 3.3368111 1 P 0
L 3.6372308 3.415945 3.6372308 3.4375985 1 P 0
L 3.6388584 3.1021261 3.6388584 3.1769292 0 P 0
L 3.6417322 2.9253543 3.6653543 2.9253543 1 P 0
L 3.6427953 2.968189 3.6644488 2.968189 1 P 0
L 3.6435966 3.0457039 3.6652501 3.0457039 1 P 0
L 3.6535433 2.9135433 3.6535433 2.9371653 1 P 0
L 3.6536221 2.9573622 3.6536221 2.9790157 1 P 0
L 3.6544234 3.0348771 3.6544234 3.0565306 1 P 0
L 3.655 3.247874 3.6766535 3.247874 1 P 0
L 3.6555905 2.7062205 3.6555905 2.7810236 0 P 0
L 3.6555905 2.7090552 3.6555905 2.7838583 0 P 0
L 3.6555906 2.6186614 3.6555906 2.6934645 0 P 0
L 3.6555906 2.7944095 3.6555906 2.8692126 0 P 0
L 3.6614961 2.5579527 3.6614961 2.5973228 0 P 0
L 3.6614961 2.5579527 3.7362992 2.5579527 0 P 0
L 3.6614961 2.5973228 3.7362992 2.5973228 0 P 0
L 3.6632285 2.5012599 3.6632285 2.54063 0 P 0
L 3.6634844 2.4584253 3.6634844 2.4977954 0 P 0
L 3.6658267 3.2370472 3.6658267 3.2587007 1 P 0
L 3.6734842 3.3062993 3.6734842 3.3452756 0 P 0
L 3.6746323 3.4070867 3.6746323 3.446063 0 P 0
L 3.6817323 3.0268504 3.6817323 3.1016535 0 P 0
L 3.6817323 3.0268504 3.7211024 3.0268504 0 P 0
L 3.6817323 3.1016535 3.7211024 3.1016535 0 P 0
L 3.6880709 2.5776378 3.7097244 2.5776378 1 P 0
L 3.6890551 2.9504724 3.6890551 2.9859055 0 P 0
L 3.6898564 3.0279873 3.6898564 3.0634204 0 P 0
L 3.6905906 3.0642519 3.7122441 3.0642519 1 P 0
L 3.6909448 2.9056693 3.6909448 2.9450394 0 P 0
L 3.6988976 2.566811 3.6988976 2.5884645 1 P 0
L 3.7014173 3.0534252 3.7014173 3.0750787 1 P 0
L 3.7032283 3.2281889 3.7032283 3.267559 0 P 0
L 3.7095779 3.2664864 3.7292629 3.2323909 0 P 0
L 3.7095779 3.2664864 3.7743592 3.3038879 0 P 0
L 3.7211024 3.0268504 3.7211024 3.1016535 0 P 0
L 3.7292629 3.2323909 3.7940443 3.2697924 0 P 0
L 3.7362992 2.5579527 3.7362992 2.5973228 0 P 0
L 3.7392914 2.915748 3.7392914 2.9551181 0 P 0
L 3.7392914 2.915748 3.8140945 2.915748 0 P 0
L 3.7392914 2.9551181 3.8140945 2.9551181 0 P 0
L 3.7399214 2.9585826 3.7399214 2.9979527 0 P 0
L 3.7399214 2.9585826 3.8147245 2.9585826 0 P 0
L 3.7399214 2.9979527 3.8147245 2.9979527 0 P 0
L 3.7415824 3.2622339 3.7620397 3.2740449 1 P 0
L 3.7459055 3.278368 3.7577165 3.2579108 1 P 0
L 3.7658662 2.9354331 3.7875197 2.9354331 1 P 0
L 3.7664962 2.9782677 3.7881497 2.9782677 1 P 0
L 3.7743592 3.3038879 3.7940443 3.2697924 0 P 0
L 3.7766929 2.9246063 3.7766929 2.9462598 1 P 0
L 3.7773229 2.9674409 3.7773229 2.9890944 1 P 0
L 3.7949608 3.2851181 3.7949608 3.3599212 0 P 0
L 3.7949608 3.2851181 3.8339371 3.2851181 0 P 0
L 3.7949608 3.3599212 3.8339371 3.3599212 0 P 0
L 3.8034253 3.3225197 3.8250788 3.3225197 1 P 0
L 3.8140945 2.915748 3.8140945 2.9551181 0 P 0
L 3.8142521 3.3116929 3.8142521 3.3333464 1 P 0
L 3.8147245 2.9585826 3.8147245 2.9979527 0 P 0
L 3.8329529 3.2356694 3.8329529 3.3104725 0 P 0
L 3.8329529 3.2356694 3.872323 3.2356694 0 P 0
L 3.8329529 3.3104725 3.872323 3.3104725 0 P 0
L 3.8339371 3.2851181 3.8339371 3.3599212 0 P 0
L 3.8408269 3.2730709 3.8644489 3.2730709 1 P 0
L 3.8526379 3.2612599 3.8526379 3.284882 1 P 0
L 3.872323 3.2356694 3.872323 3.3104725 0 P 0
L 3.8882677 2.5327559 3.8882677 2.572126 0 P 0
L 3.8882677 2.5327559 3.9630708 2.5327559 0 P 0
L 3.8882677 2.572126 3.9630708 2.572126 0 P 0
L 3.9026376 3.2434056 3.9026376 3.2827757 0 P 0
L 3.9026376 3.2434056 3.9774407 3.2434056 0 P 0
L 3.9026376 3.2827757 3.9774407 3.2827757 0 P 0
L 3.9148425 2.5524409 3.936496 2.5524409 1 P 0
L 3.9256693 2.5416142 3.9256693 2.5632677 1 P 0
L 3.926063 2.9333859 3.926063 2.972756 0 P 0
L 3.926063 2.9333859 4.0008661 2.9333859 0 P 0
L 3.926063 2.972756 4.0008661 2.972756 0 P 0
L 3.9292124 3.2630906 3.9508659 3.2630906 1 P 0
L 3.9400392 3.2522639 3.9400392 3.2739174 1 P 0
L 3.9526378 2.9530709 3.9742913 2.9530709 1 P 0
L 3.9630708 2.5327559 3.9630708 2.572126 0 P 0
L 3.9634646 2.9422442 3.9634646 2.9638977 1 P 0
L 3.9688976 2.5327559 3.9688976 2.572126 0 P 0
L 3.9688976 2.5327559 4.0437007 2.5327559 0 P 0
L 3.9688976 2.572126 4.0437007 2.572126 0 P 0
L 3.9774407 3.2434056 3.9774407 3.2827757 0 P 0
L 3.9944881 2.5524409 4.0181102 2.5524409 1 P 0
L 4.0008661 2.9333859 4.0008661 2.972756 0 P 0
L 4.0062992 2.5406299 4.0062992 2.5642519 1 P 0
L 4.0238942 3.2483555 4.0238942 3.3231586 0 P 0
L 4.0238942 3.2483555 4.0632643 3.2483555 0 P 0
L 4.0238942 3.3231586 4.0632643 3.3231586 0 P 0
L 4.0327525 3.2857571 4.054406 3.2857571 1 P 0
L 4.0363779 3.0865354 4.0363779 3.1219685 0 P 0
L 4.0363779 3.0865354 4.107244 3.0865354 0 P 0
L 4.0363779 3.1219685 4.107244 3.1219685 0 P 0
L 4.036378 3.1268504 4.036378 3.1622835 0 P 0
L 4.036378 3.1268504 4.1072441 3.1268504 0 P 0
L 4.036378 3.1622835 4.1072441 3.1622835 0 P 0
L 4.0419685 3.0341733 4.0419685 3.0735434 0 P 0
L 4.0419685 3.0341733 4.1167716 3.0341733 0 P 0
L 4.0419685 3.0735434 4.1167716 3.0735434 0 P 0
L 4.0435793 3.2749303 4.0435793 3.2965838 1 P 0
L 4.0437007 2.5327559 4.0437007 2.572126 0 P 0
L 4.0521259 2.8224409 4.0521259 2.897244 0 P 0
L 4.0521259 2.8224409 4.091496 2.8224409 0 P 0
L 4.0521259 2.897244 4.091496 2.897244 0 P 0
L 4.052126 2.6158268 4.052126 2.6906299 0 P 0
L 4.052126 2.6158268 4.0914961 2.6158268 0 P 0
L 4.052126 2.6906299 4.0914961 2.6906299 0 P 0
L 4.052126 2.7446457 4.052126 2.8194488 0 P 0
L 4.052126 2.7446457 4.0914961 2.7446457 0 P 0
L 4.052126 2.8194488 4.0914961 2.8194488 0 P 0
L 4.0609842 2.8598425 4.0826377 2.8598425 1 P 0
L 4.0609842 3.104252 4.0826377 3.104252 1 P 0
L 4.0609843 2.6532283 4.0826378 2.6532283 1 P 0
L 4.0609843 2.7820472 4.0826378 2.7820472 1 P 0
L 4.0609843 3.1445669 4.0826378 3.1445669 1 P 0
L 4.0632643 3.2483555 4.0632643 3.3231586 0 P 0
L 4.0660989 3.2483555 4.0660989 3.3231586 0 P 0
L 4.0660989 3.2483555 4.105469 3.2483555 0 P 0
L 4.0660989 3.3231586 4.105469 3.3231586 0 P 0
L 4.0685433 3.0538583 4.0901968 3.0538583 1 P 0
L 4.071811 2.6424016 4.071811 2.6640551 1 P 0
L 4.071811 2.7712205 4.071811 2.792874 1 P 0
L 4.071811 2.8490157 4.071811 2.8706692 1 P 0
L 4.071811 3.0934252 4.071811 3.1150787 1 P 0
L 4.071811 3.1337402 4.071811 3.1553937 1 P 0
L 4.073973 3.2857571 4.097595 3.2857571 1 P 0
L 4.0766932 2.4402365 4.0766932 2.4756696 0 P 0
L 4.0766932 2.4402365 4.1475593 2.4402365 0 P 0
L 4.0766932 2.4756696 4.1475593 2.4756696 0 P 0
L 4.0767719 2.4780317 4.0767719 2.5134648 0 P 0
L 4.0767719 2.4780317 4.147638 2.4780317 0 P 0
L 4.0767719 2.5134648 4.147638 2.5134648 0 P 0
L 4.0793701 3.0430316 4.0793701 3.0646851 1 P 0
L 4.085784 3.273946 4.085784 3.2975681 1 P 0
L 4.091496 2.8224409 4.091496 2.897244 0 P 0
L 4.0914961 2.6158268 4.0914961 2.6906299 0 P 0
L 4.0914961 2.7446457 4.0914961 2.8194488 0 P 0
L 4.1012995 2.457953 4.122953 2.457953 1 P 0
L 4.1013782 2.4957482 4.1230317 2.4957482 1 P 0
L 4.105469 3.2483555 4.105469 3.3231586 0 P 0
L 4.107244 3.0865354 4.107244 3.1219685 0 P 0
L 4.1072441 3.1268504 4.1072441 3.1622835 0 P 0
L 4.1121262 2.4471263 4.1121262 2.4687798 1 P 0
L 4.1122049 2.4849215 4.1122049 2.506575 1 P 0
L 4.1167716 3.0341733 4.1167716 3.0735434 0 P 0
L 4.1298425 2.9358267 4.1298425 3.0106298 0 P 0
L 4.1298425 2.9358267 4.1692126 2.9358267 0 P 0
L 4.1298425 3.0106298 4.1692126 3.0106298 0 P 0
L 4.1377166 2.643622 4.1377166 2.6829921 0 P 0
L 4.1377166 2.643622 4.2125197 2.643622 0 P 0
L 4.1377166 2.6829921 4.2125197 2.6829921 0 P 0
L 4.1377166 2.6864566 4.1377166 2.7258267 0 P 0
L 4.1377166 2.6864566 4.2125197 2.6864566 0 P 0
L 4.1377166 2.7258267 4.2125197 2.7258267 0 P 0
L 4.1377166 2.7292913 4.1377166 2.7686614 0 P 0
L 4.1377166 2.7292913 4.2125197 2.7292913 0 P 0
L 4.1377166 2.7686614 4.2125197 2.7686614 0 P 0
L 4.1377166 2.7721259 4.1377166 2.811496 0 P 0
L 4.1377166 2.7721259 4.2125197 2.7721259 0 P 0
L 4.1377166 2.811496 4.2125197 2.811496 0 P 0
L 4.1377166 2.8149606 4.1377166 2.8543307 0 P 0
L 4.1377166 2.8149606 4.2125197 2.8149606 0 P 0
L 4.1377166 2.8543307 4.2125197 2.8543307 0 P 0
L 4.1387008 2.9732283 4.1603543 2.9732283 1 P 0
L 4.1475593 2.4402365 4.1475593 2.4756696 0 P 0
L 4.147638 2.4780317 4.147638 2.5134648 0 P 0
L 4.1495276 2.9624015 4.1495276 2.984055 1 P 0
L 4.1529133 2.4794489 4.1529133 2.554252 0 P 0
L 4.1529133 2.4794489 4.1922834 2.4794489 0 P 0
L 4.1529133 2.554252 4.1922834 2.554252 0 P 0
L 4.1529134 2.3994489 4.1529134 2.474252 0 P 0
L 4.1529134 2.3994489 4.1922835 2.3994489 0 P 0
L 4.1529134 2.474252 4.1922835 2.474252 0 P 0
L 4.1617716 2.5168505 4.1834251 2.5168505 1 P 0
L 4.1617717 2.4368504 4.1834252 2.4368504 1 P 0
L 4.1633071 2.6633071 4.1869292 2.6633071 1 P 0
L 4.1633071 2.7061417 4.1869292 2.7061417 1 P 0
L 4.1633071 2.7489764 4.1869292 2.7489764 1 P 0
L 4.1633071 2.791811 4.1869292 2.791811 1 P 0
L 4.1633071 2.8346457 4.1869292 2.8346457 1 P 0
L 4.1692126 2.9358267 4.1692126 3.0106298 0 P 0
L 4.1725984 2.4260237 4.1725984 2.4476772 1 P 0
L 4.1725984 2.5060237 4.1725984 2.5276772 1 P 0
L 4.1751181 2.6514961 4.1751181 2.6751181 1 P 0
L 4.1751181 2.6943307 4.1751181 2.7179527 1 P 0
L 4.1751181 2.7371654 4.1751181 2.7607874 1 P 0
L 4.1751181 2.78 4.1751181 2.803622 1 P 0
L 4.1751181 2.8228347 4.1751181 2.8464567 1 P 0
L 4.1922834 2.4794489 4.1922834 2.554252 0 P 0
L 4.1922835 2.3994489 4.1922835 2.474252 0 P 0
L 4.2125197 2.643622 4.2125197 2.6829921 0 P 0
L 4.2125197 2.6864566 4.2125197 2.7258267 0 P 0
L 4.2125197 2.7292913 4.2125197 2.7686614 0 P 0
L 4.2125197 2.7721259 4.2125197 2.811496 0 P 0
L 4.2125197 2.8149606 4.2125197 2.8543307 0 P 0
L 4.2229133 2.4037008 4.2229133 2.4745669 0 P 0
L 4.2229133 2.4037008 4.2583464 2.4037008 0 P 0
L 4.2229133 2.4745669 4.2583464 2.4745669 0 P 0
L 4.2229134 2.4389763 4.2229134 2.4744094 0 P 0
L 4.2229134 2.4389763 4.2937795 2.4389763 0 P 0
L 4.2229134 2.4744094 4.2937795 2.4744094 0 P 0
L 4.2229134 2.4766929 4.2229134 2.547559 0 P 0
L 4.2229134 2.4766929 4.2583465 2.4766929 0 P 0
L 4.2229134 2.4767716 4.2229134 2.5122047 0 P 0
L 4.2229134 2.4767716 4.2937795 2.4767716 0 P 0
L 4.2229134 2.5122047 4.2937795 2.5122047 0 P 0
L 4.2229134 2.547559 4.2583465 2.547559 0 P 0
L 4.2298031 2.4391338 4.2514566 2.4391338 1 P 0
L 4.2298032 2.512126 4.2514567 2.512126 1 P 0
L 4.2406299 2.4283071 4.2406299 2.4499606 1 P 0
L 4.2406299 2.5012992 4.2406299 2.5229527 1 P 0
L 4.2475197 2.4566929 4.2691732 2.4566929 1 P 0
L 4.2475197 2.4944882 4.2691732 2.4944882 1 P 0
L 4.2583464 2.4037008 4.2583464 2.4745669 0 P 0
L 4.2583465 2.4458661 4.2583465 2.4675196 1 P 0
L 4.2583465 2.4766929 4.2583465 2.547559 0 P 0
L 4.2583465 2.4836614 4.2583465 2.5053149 1 P 0
L 4.2883464 2.6109449 4.2883464 2.646378 0 P 0
L 4.2883464 2.6109449 4.3592125 2.6109449 0 P 0
L 4.2883464 2.646378 4.3592125 2.646378 0 P 0
L 4.2883465 2.57063 4.2883465 2.6060631 0 P 0
L 4.2883465 2.57063 4.3592126 2.57063 0 P 0
L 4.2883465 2.6060631 4.3592126 2.6060631 0 P 0
L 4.2883465 2.6512599 4.2883465 2.686693 0 P 0
L 4.2883465 2.6512599 4.3592126 2.6512599 0 P 0
L 4.2883465 2.686693 4.3592126 2.686693 0 P 0
L 4.2937795 2.4389763 4.2937795 2.4744094 0 P 0
L 4.2937795 2.4767716 4.2937795 2.5122047 0 P 0
L 4.3129527 2.6286615 4.3346062 2.6286615 1 P 0
L 4.3129528 2.5883465 4.3346063 2.5883465 1 P 0
L 4.3129528 2.6689764 4.3346063 2.6689764 1 P 0
L 4.3237795 2.5775198 4.3237795 2.5991733 1 P 0
L 4.3237795 2.6178347 4.3237795 2.6394882 1 P 0
L 4.3237795 2.6581497 4.3237795 2.6798032 1 P 0
L 4.3592125 2.6109449 4.3592125 2.646378 0 P 0
L 4.3592126 2.57063 4.3592126 2.6060631 0 P 0
L 4.3592126 2.6512599 4.3592126 2.686693 0 P 0
